1.000000000000000056e-01 0.000000000000000000e+00
2.000000000000000111e-01 3.200000000000000067e-02
2.999999999999999889e-01 5.999999999999999778e-02
4.000000000000000222e-01 8.599999999999999312e-02
5.000000000000000000e-01 1.089999999999999997e-01
5.500000000000000444e-01 1.310000000000000053e-01
6.620000000000000329e-01 1.509999999999999953e-01
8.000000000000000444e-01 1.849999999999999978e-01
1.000000000000000000e+00 2.119999999999999940e-01
1.250000000000000000e+00 2.379999999999999893e-01
1.500000000000000000e+00 2.570000000000000062e-01
2.000000000000000000e+00 2.740000000000000213e-01
3.000000000000000000e+00 2.560000000000000053e-01
4.000000000000000000e+00 2.049999999999999878e-01
5.000000000000000000e+00 1.469999999999999918e-01
6.000000000000000000e+00 9.600000000000000200e-02
8.000000000000000000e+00 2.900000000000000147e-02
1.000000000000000000e+01 2.000000000000000042e-03
